#! FIELDS time CH_Actin CH1_A1 CH2_A1 CH1_A3 CH2_A3 CH1_CH2_Dist d1.x d1.y d1.z real
 0.000000 51.416308 50.314661 56.705883 56.725130 38.469928 25.196417 -14.790932 34.466090 -16.151272 40.835605
 1000.000000 70.702981 56.377076 52.773977 59.638310 36.878205 25.255174 -21.408988 32.436436 -17.720072 42.713793
 2000.000000 72.145348 54.058898 53.673681 58.041632 36.297412 25.368408 -18.903083 32.336052 -17.536888 41.358062
 3000.000000 71.445876 52.854476 53.520316 57.362140 36.558602 25.215582 -19.487832 31.402990 -17.596508 40.933611
 4000.000000 50.734456 52.012081 52.137428 58.252845 36.824111 25.938087 -20.047119 30.197770 -18.172103 40.546487
 5000.000000 70.464569 53.963114 53.813311 58.955521 36.889901 25.462727 -20.799495 31.260669 -18.226237 41.737802
 6000.000000 71.583123 56.698983 48.252267 55.086508 38.453695 25.295387 -19.030169 31.564678 -16.207128 40.263473
 7000.000000 71.250708 58.160243 46.000152 48.478965 35.975166 25.212921 -15.983776 31.868126 -10.882075 37.275704
 8000.000000 70.718372 60.714198 47.535482 46.802985 35.377584 25.116151 -17.607832 32.484461 -8.795576 37.982076
 9000.000000 71.998296 63.003489 45.910953 46.543042 35.660412 25.323266 -16.672069 34.091180 -7.713904 38.725583
 10000.000000 46.299194 60.600416 41.996024 45.556532 35.045909 24.597705 -16.845103 30.542462 -8.874640 35.991092
 11000.000000 69.830696 60.411421 43.052906 47.052701 32.465922 24.776901 -14.520105 32.130424 -8.323244 36.228083
 12000.000000 47.860585 62.416808 44.601071 46.361350 32.215895 24.477070 -11.374625 35.246341 -4.704681 37.333908
 13000.000000 46.190246 59.772609 43.311977 46.649270 31.559212 24.956948 -12.927286 32.442452 -6.386805 35.502376
 14000.000000 69.619482 60.824604 46.471408 45.523983 31.932656 24.694818 -13.269270 33.814338 -4.934467 36.658313
 15000.000000 70.485267 63.004668 48.221464 46.376910 32.179049 25.007571 -13.047252 35.635069 -5.373065 38.326998
 16000.000000 47.008453 60.809670 46.086981 46.028532 31.964026 24.379280 -13.998847 33.230498 -6.262176 36.598478
 17000.000000 68.355307 58.725906 44.825944 45.807492 31.515023 24.351009 -11.873496 32.994603 -2.922036 35.187527
 18000.000000 47.805523 61.191740 47.641082 45.573732 32.061706 24.287477 -11.831959 35.183265 -3.207888 37.257857
 19000.000000 48.165228 61.729734 48.754541 45.573518 31.555980 23.793608 -9.338737 36.485913 -2.025209 37.716513
 20000.000000 48.243831 62.171278 46.873375 45.865787 32.165179 24.138458 -10.659830 35.905731 -3.922875 37.659560
 21000.000000 48.677086 63.110564 48.168179 45.600233 31.842811 24.321831 -12.346525 35.948358 -3.329414 38.155028
 22000.000000 47.126694 60.652597 46.744479 45.317885 31.510809 24.449184 -11.617504 34.258568 -4.203159 36.418160
 23000.000000 47.078092 60.071865 45.316263 46.120287 31.614646 24.724161 -12.029577 33.892208 -4.683240 36.267413
 24000.000000 47.996981 62.117707 47.299063 45.747460 31.825370 24.465552 -11.097208 35.737160 -2.847092 37.528637
 25000.000000 48.153964 62.404124 48.059835 45.071207 31.338267 24.134809 -12.469807 35.399095 -2.960802 37.647820
 26000.000000 47.276286 60.820967 46.631719 45.278626 31.458544 24.221747 -10.121323 34.981259 -4.107807 36.647016
 27000.000000 67.662676 59.554634 46.556568 46.244468 31.929024 24.098546 -9.729150 34.640382 -4.768879 36.295381
 28000.000000 46.214703 58.903263 45.847242 44.955982 31.247716 24.114546 -11.111732 33.468802 -3.670307 35.455641
 29000.000000 46.575548 59.139319 45.788091 45.735913 31.222205 24.274081 -12.016873 33.413554 -4.347869 35.773940
 30000.000000 68.446695 59.675273 46.240750 46.208851 32.209790 24.153512 -10.858765 34.767135 -4.676224 36.722384
 31000.000000 46.984366 58.988663 45.819471 46.232132 31.836731 24.455540 -11.690800 33.776214 -5.079765 36.101404
 32000.000000 46.701632 59.007845 45.390993 45.733445 31.697844 24.393358 -10.125461 34.054364 -4.776253 35.847417
 33000.000000 47.382694 60.667412 46.513293 45.683526 31.531008 24.255252 -11.438834 34.672307 -3.583840 36.685960
 34000.000000 47.411894 60.417975 46.575254 45.952942 31.633997 24.504998 -10.352484 34.929871 -2.981287 36.553494
 35000.000000 69.294203 62.122470 46.732612 46.034430 31.620378 24.793466 -11.926009 35.200472 -2.867443 37.276335
 36000.000000 68.615542 60.692514 45.940788 45.896999 31.416923 24.372892 -11.389546 34.756922 -3.878450 36.780535
 37000.000000 47.630008 61.742723 45.984420 45.401448 31.821790 24.729985 -12.359099 34.539620 -4.333599 36.939312
 38000.000000 46.618925 59.140170 45.187306 45.132130 31.929522 24.014632 -11.465990 33.616316 -4.397332 35.789135
 39000.000000 69.640340 61.811352 45.629269 46.210481 31.756969 24.397014 -12.206148 35.242363 -3.912820 37.500992
 40000.000000 48.398129 62.431147 46.413306 45.945556 31.800794 24.559195 -12.032055 35.675083 -3.427138 37.805121
 41000.000000 47.493021 60.824475 46.194956 46.203528 31.905629 24.703318 -11.248588 34.938379 -3.815128 36.902253
 42000.000000 47.419994 60.202126 45.873853 46.148575 31.511896 24.402648 -11.932529 34.416762 -3.430884 36.587836
 43000.000000 47.815679 60.758202 46.232878 46.341678 31.796130 24.606949 -10.954745 35.242296 -4.051762 37.127384
 44000.000000 67.542193 60.939515 46.572917 45.555075 31.053403 24.205842 -9.393278 35.503701 -3.127880 36.858243
 45000.000000 47.170937 60.517714 46.097257 45.335037 31.311807 24.568771 -11.347431 34.469998 -4.036742 36.513563
 46000.000000 46.993768 59.380459 46.405276 45.752095 31.527277 24.125814 -10.921434 34.210503 -4.699059 36.217640
 47000.000000 46.755790 59.207930 46.247337 45.379943 30.991337 24.067562 -8.741394 34.863254 -3.440729 36.106745
 48000.000000 46.458613 59.296777 46.224758 45.133803 31.178248 24.190224 -8.440380 34.688846 -2.754835 35.807054
 49000.000000 47.939199 61.661769 46.550916 45.043175 31.549477 24.482425 -11.843109 35.243534 -2.765630 37.282900
 50000.000000 46.352285 58.602511 45.928147 44.699222 31.526019 24.214342 -11.047626 33.541171 -3.836572 35.521536
 51000.000000 47.712335 61.345499 46.355848 45.258636 31.386668 24.324861 -12.285634 34.819766 -3.343025 37.074637
 52000.000000 46.318003 58.240829 44.893065 45.488407 31.561182 23.845781 -10.414250 33.633060 -4.232380 35.461985
 53000.000000 47.327201 59.842096 46.042101 45.941498 31.985131 24.266508 -9.521004 35.178164 -3.557955 36.617097
 54000.000000 47.303634 59.981096 45.538913 45.408471 31.587522 24.509281 -10.517201 34.666083 -3.735445 36.418434
 55000.000000 68.373640 58.969322 44.850710 45.224844 31.248424 24.253584 -11.986190 33.275184 -4.266283 35.624540
 56000.000000 68.792470 60.800298 45.464314 45.670400 31.589670 24.533426 -11.875753 34.529596 -3.779401 36.709813
 57000.000000 46.840003 59.922847 45.451780 44.975465 31.503669 24.253074 -11.976477 33.937077 -3.675366 36.175538
 58000.000000 68.612371 60.739413 45.381458 46.022586 31.248100 24.563289 -12.057955 34.235226 -3.737176 36.488511
 59000.000000 47.886653 61.876708 46.458550 45.731312 31.660200 24.245385 -11.984392 35.346164 -2.909057 37.435806
 60000.000000 48.191046 63.035918 46.845539 45.099572 31.774052 24.190629 -12.603376 35.530339 -2.042692 37.754770
 61000.000000 69.962874 62.384582 46.534996 45.257127 31.889255 24.245404 -12.936823 35.313921 -1.846015 37.654245
 62000.000000 68.841179 60.112241 46.152527 45.316214 31.502252 24.571598 -12.107642 34.184474 -3.754160 36.459114
 63000.000000 48.078975 61.762167 47.199298 45.513102 31.653686 23.861167 -12.251669 35.372269 -3.436292 37.591341
 64000.000000 46.861946 59.723689 45.356070 45.880303 31.308283 24.359238 -11.158531 33.953386 -4.846921 36.067130
 65000.000000 47.852164 61.319491 47.016260 45.122230 31.602002 24.324768 -10.311306 35.808043 -1.312900 37.286227
 66000.000000 48.070060 61.285691 47.455513 45.870258 31.259939 24.536226 -11.588411 35.526622 -2.169479 37.431788
 67000.000000 47.323202 60.404697 46.610797 44.844771 31.343839 24.050662 -11.264183 34.785845 -1.700385 36.603663
 68000.000000 69.536773 61.797002 46.726533 45.090712 31.706157 24.333895 -12.308230 35.074176 -1.815280 37.215395
 69000.000000 47.713399 61.787758 46.937382 45.545163 31.531758 24.498799 -11.511235 35.392953 -2.507125 37.302217
 70000.000000 68.021996 59.900892 45.049807 45.910127 31.505339 24.381083 -10.745955 34.480119 -3.827512 36.318095
 71000.000000 47.973216 62.308740 47.480780 45.520860 31.525043 24.206996 -12.943014 35.037881 -3.459427 37.511896
 72000.000000 46.631896 59.498652 44.197679 45.905869 31.532823 24.009518 -11.019656 33.861056 -4.741847 35.923378
 73000.000000 68.865631 60.989298 45.666817 45.883639 31.765123 24.546165 -12.255826 34.246053 -4.273334 36.623200
 74000.000000 68.551256 59.990551 46.714754 46.397887 32.133663 24.775643 -12.032261 34.233084 -4.341093 36.544827
 75000.000000 46.505149 59.312594 44.620464 45.834301 31.809589 23.881003 -9.055639 34.482483 -4.425945 35.925412
 76000.000000 46.319443 59.413776 44.694218 45.591009 31.874593 24.331939 -8.656233 34.440344 -3.858489 35.720521
 77000.000000 47.774310 61.115265 45.628613 46.178663 32.168169 23.970109 -11.733193 35.024809 -4.477315 37.208217
 78000.000000 47.306718 61.247521 45.015413 45.470936 31.743585 24.172561 -9.811147 35.336216 -3.221693 36.814210
 79000.000000 47.791771 62.431557 45.945938 46.015338 31.431742 24.175981 -12.246379 35.101132 -4.894437 37.496917
 80000.000000 47.368019 59.831647 45.750323 45.788294 31.623246 24.140722 -11.636198 34.393614 -5.072937 36.661375
 81000.000000 48.420398 61.848581 45.780390 47.268436 32.172173 24.568417 -10.419067 36.122592 -4.283845 37.838472
 82000.000000 48.593651 62.494539 47.753061 45.496187 31.564106 23.946675 -12.173067 35.995486 -3.265413 38.138189
 83000.000000 48.049272 62.224759 45.873688 46.344355 31.736848 24.344433 -11.454467 35.595958 -3.815291 37.587677
 84000.000000 48.313226 62.836239 46.476796 45.640152 31.619403 24.575464 -12.806666 35.496304 -3.500504 37.897913
 85000.000000 47.984444 62.317824 45.501728 45.790885 31.684797 24.499421 -11.283687 35.896544 -2.900249 37.739832
 86000.000000 48.939918 63.689859 46.816568 46.763169 32.367662 24.547790 -12.045319 36.490287 -4.223550 38.658364
 87000.000000 70.864305 63.983125 46.529457 45.964303 32.290812 24.175846 -14.025623 35.725722 -3.477215 38.537466
 88000.000000 48.567226 62.793283 45.338789 47.071138 32.044676 24.579180 -12.512100 35.779494 -4.217955 38.138118
 89000.000000 48.353978 62.376902 44.834414 47.289906 32.632105 24.434318 -11.121821 35.872023 -5.093394 37.900390
 90000.000000 48.272232 62.485092 45.527028 46.684304 31.875078 24.346509 -13.849878 34.849455 -4.847555 37.812728
 91000.000000 48.019916 61.061325 44.530924 47.208392 32.456554 24.610539 -11.709927 35.042661 -5.633559 37.374423
 92000.000000 47.607837 60.148200 44.952572 47.410800 32.687958 24.486474 -12.907667 33.862359 -6.593140 36.833907
 93000.000000 69.800214 60.771642 44.476768 46.222116 32.271752 24.320481 -13.839510 33.577231 -6.236801 36.849154
 94000.000000 47.683953 61.468197 44.521882 46.972553 32.204733 24.728588 -13.375163 34.127881 -5.936405 37.132845
 95000.000000 68.639111 59.749296 44.751906 47.155979 32.546654 24.525689 -11.417400 34.524707 -6.343701 36.912802
 96000.000000 47.401042 60.347078 44.694347 46.858485 31.967647 24.639675 -12.595505 33.885614 -5.905051 36.629923
 97000.000000 48.918915 63.009053 46.660004 46.702310 32.173387 24.342100 -14.300683 35.075268 -5.804783 38.320744
 98000.000000 70.510657 62.914736 45.663459 47.495676 32.623060 24.309107 -13.253994 35.330137 -6.378919 38.269799
 99000.000000 69.314260 60.511916 44.738180 45.911014 31.981517 24.137418 -12.664421 33.805169 -6.411827 36.664541
 100000.000000 48.155405 62.217796 46.380018 45.861393 31.789437 24.497903 -12.337463 35.291427 -3.880602 37.586659
