#! FIELDS time CH_Actin CH1_A1 CH2_A1 CH1_A3 CH2_A3 CH1_CH2_Dist d1.x d1.y d1.z real
 0.000000 49.588014 36.761005 46.364544 63.604233 50.395340 24.482537 12.220544 29.136553 -24.937305 40.251082
 1000.000000 45.065448 35.944045 44.792259 59.897345 42.895059 24.375840 14.402908 26.980669 -18.498335 35.743372
 2000.000000 46.427520 35.920945 43.823799 59.773705 47.587739 24.314093 16.653866 25.977814 -20.804291 37.215811
 3000.000000 46.796056 36.296469 43.971197 60.718047 47.294167 24.276648 16.319697 27.849560 -19.412057 37.666410
 4000.000000 49.163293 35.744268 42.521353 60.779797 51.271904 24.674643 18.011684 25.478690 -22.034979 38.198491
 5000.000000 45.805731 35.436561 47.638270 57.086325 47.205669 24.665286 14.084520 28.148028 -18.858297 36.692241
 6000.000000 45.178379 35.813352 47.031314 55.910738 45.513841 24.022643 11.254354 29.361466 -17.071238 35.779650
 7000.000000 45.543844 36.291402 48.868362 55.903927 46.002800 24.625157 13.584511 30.052689 -15.745024 36.545983
 8000.000000 44.638988 35.347834 46.213121 57.145569 45.694160 24.461640 14.433165 28.841193 -15.316209 35.703178
 9000.000000 48.568172 34.102981 46.981032 57.730016 46.978398 24.323796 16.829097 27.419277 -17.074932 36.422364
 10000.000000 46.054754 36.640306 45.959282 59.317601 43.572036 24.175615 10.038660 28.078598 -20.572026 36.226932
 11000.000000 52.521997 36.534993 44.285396 61.460754 47.858109 24.279109 14.426273 28.547668 -20.599913 38.045277
 12000.000000 45.878391 35.671989 43.497471 60.175880 47.016969 23.755178 15.648977 26.931212 -19.741471 36.876908
 13000.000000 46.287433 35.528403 44.356550 60.421563 47.547619 24.040548 14.577553 28.061908 -19.578693 37.192753
 14000.000000 50.916002 35.514861 43.902246 62.587774 49.564613 24.262109 16.420798 28.232304 -20.583360 38.605444
 15000.000000 52.076537 35.715184 43.016667 62.321231 51.676480 24.181442 15.967209 27.614956 -22.726717 39.166839
 16000.000000 48.174530 36.157485 44.628169 62.146588 50.488889 24.444899 14.945419 28.533906 -22.212990 39.127564
 17000.000000 47.380372 36.155550 44.954864 61.458000 47.149840 24.555986 12.023521 28.620280 -21.837912 37.954972
 18000.000000 43.073313 36.593574 43.537245 56.966712 39.785976 24.747346 8.959766 27.218062 -16.689018 33.160574
 19000.000000 44.106319 38.092945 44.503858 56.972500 39.309454 24.814042 6.572457 29.034426 -16.598574 34.083834
 20000.000000 43.445191 39.576089 44.447454 55.917049 37.500071 25.009012 4.596065 28.883881 -16.024000 33.349227
 21000.000000 57.513567 38.938752 43.815212 55.886008 37.422567 24.682898 2.262947 28.880653 -15.710805 32.955158
 22000.000000 42.685935 37.670809 43.557578 56.144754 37.703861 24.943776 3.300893 27.533427 -16.994970 32.524060
 23000.000000 43.595489 39.490151 43.877445 56.581516 37.472167 24.549417 2.683384 29.060043 -16.321082 33.437470
 24000.000000 57.301456 39.230812 43.948009 56.031069 36.817579 24.482325 2.523661 29.274748 -15.054683 33.015499
 25000.000000 56.629573 37.933766 43.626853 56.251788 37.723047 24.662451 3.006310 27.991742 -16.556921 32.660483
 26000.000000 56.524559 37.995493 42.916590 56.712824 38.464215 25.110243 3.449267 27.618291 -17.703685 32.986177
 27000.000000 43.565140 39.115013 43.649781 56.701976 38.232169 25.289714 2.469284 28.551543 -17.238810 33.443453
 28000.000000 43.724364 39.780351 43.417951 56.977669 37.238737 25.332603 -0.515105 28.213850 -17.860073 33.395641
 29000.000000 58.515194 39.662093 43.913443 55.642965 37.568583 25.064533 0.911954 28.325299 -17.438465 33.275431
 30000.000000 58.206762 37.912847 44.253879 56.711476 38.172190 25.021316 1.606365 27.836289 -18.113245 33.249497
 31000.000000 55.573115 37.598537 42.549400 55.774591 36.806300 24.607789 4.009989 26.582164 -17.345263 31.992962
 32000.000000 43.190354 38.825369 42.658307 55.799728 37.104687 24.241705 4.358025 27.999886 -16.726574 32.905383
 33000.000000 43.266217 39.000099 43.389616 56.527224 37.216524 24.693417 2.050783 28.036738 -17.393533 33.057516
 34000.000000 42.062638 38.205810 43.305704 55.028215 36.433543 24.698156 1.869677 27.161295 -16.550046 31.861194
 35000.000000 43.207026 38.493164 43.585074 56.878089 37.081427 24.887171 2.948694 28.630806 -16.186050 33.021297
 36000.000000 57.090011 37.792170 43.509843 55.837105 37.404555 24.895896 2.462163 27.520881 -17.476685 32.693970
 37000.000000 43.014968 38.271548 42.494328 56.751985 37.992790 24.698658 3.574513 27.650798 -17.477839 32.906210
 38000.000000 43.401821 38.880138 43.547163 56.032170 36.936588 24.729116 0.027408 27.875071 -17.905098 33.130241
 39000.000000 57.467569 37.889838 42.553779 56.984209 37.793531 24.955727 1.922653 27.141428 -17.898986 32.568810
 40000.000000 57.655764 38.388378 43.090518 56.881713 37.829761 24.777373 2.074791 27.326254 -18.335797 32.973176
 41000.000000 56.990076 37.329509 42.127094 57.608965 38.027974 24.471379 2.934045 27.448604 -17.967941 32.937538
 42000.000000 42.877031 38.582523 42.784735 56.212394 37.703690 24.777164 3.010095 27.726530 -17.309610 32.824438
 43000.000000 42.228064 37.792493 42.297649 55.521713 37.485286 24.191941 2.467534 26.970109 -17.377084 32.178231
 44000.000000 42.489096 37.542354 42.099419 55.926360 38.128490 24.209459 4.096493 27.297285 -17.310746 32.581973
 45000.000000 42.525119 38.133748 42.584141 55.897080 37.596702 24.545045 4.669432 27.903853 -16.003523 32.504482
 46000.000000 42.906601 38.517260 42.722316 56.563451 37.329275 24.534490 3.807485 28.018125 -16.753447 32.866248
 47000.000000 42.489946 38.109321 43.113815 55.761512 37.275426 24.812020 4.221942 28.111425 -15.484111 32.370275
 48000.000000 42.691304 37.740414 42.948761 56.409799 37.490966 24.791921 4.603142 27.849512 -16.635313 32.764583
 49000.000000 42.607292 37.468444 43.315243 56.096822 38.220011 25.065937 4.401283 27.469468 -17.205955 32.710669
 50000.000000 43.478461 37.086029 42.992931 57.295896 40.264628 25.038756 6.423177 27.705918 -18.012660 33.664982
 51000.000000 44.081203 37.941150 43.824971 57.907952 41.160558 24.960563 6.434831 28.689648 -17.760162 34.350056
 52000.000000 45.352046 38.215661 44.105764 59.446425 43.542660 24.605278 5.691698 28.894716 -20.343688 35.793375
 53000.000000 43.301153 37.485583 41.827810 57.241121 41.521091 24.354066 5.945933 26.456803 -19.696902 33.515437
 54000.000000 46.432467 35.912258 46.129041 60.646794 45.287956 24.911850 8.148345 27.969737 -22.476477 36.795295
 55000.000000 46.199615 35.231090 44.677861 60.829551 46.991548 24.240177 9.905257 28.152047 -21.808773 36.963150
 56000.000000 46.740367 35.142120 45.416169 62.079890 48.934944 24.465930 13.273260 27.840795 -22.136860 37.964851
 57000.000000 54.173090 36.330607 45.736221 61.119592 45.066476 24.525476 10.607913 28.968354 -19.741090 36.625182
 58000.000000 44.797400 34.858677 44.986440 59.732505 44.709916 24.799195 13.567771 26.332648 -19.607303 35.523782
 59000.000000 46.639966 35.202608 45.344674 61.483517 47.561671 24.613475 13.780256 27.566921 -21.431836 37.538702
 60000.000000 45.530920 35.983683 45.509731 59.178000 44.541765 24.916769 10.011830 27.987626 -19.796716 35.713497
 61000.000000 51.046518 34.833966 45.370974 61.011110 46.904470 24.610316 15.008744 28.152783 -18.827008 37.044538
 62000.000000 54.481646 35.277335 45.131499 60.807029 45.131478 24.755695 10.061681 27.812426 -21.245448 36.416172
 63000.000000 45.785813 35.436078 45.201878 60.200940 44.819767 24.655968 11.730247 28.152020 -19.552270 36.227423
 64000.000000 53.964029 35.680696 46.534094 59.232672 43.665119 25.270773 9.972824 29.129849 -18.349851 35.843024
 65000.000000 55.345072 36.102664 45.887123 60.766897 46.826658 24.514642 9.688704 29.284083 -20.866937 37.240537
 66000.000000 46.047633 36.212223 45.760043 60.225512 43.978220 25.096286 9.827883 29.565375 -18.889559 36.435067
 67000.000000 46.671890 35.539385 45.109242 62.010660 47.793694 24.927082 13.725781 28.457724 -20.662298 37.751420
 68000.000000 53.473118 35.563231 43.927891 59.939475 45.056886 24.428860 10.647880 27.965145 -19.950511 35.964560
 69000.000000 46.440412 37.454453 47.589005 59.150855 44.978008 25.200503 9.053977 30.891329 -18.185827 36.972598
 70000.000000 53.000309 35.653532 44.938812 59.908087 45.413846 24.751558 11.708211 29.087364 -18.197209 36.253212
 71000.000000 53.709502 36.032823 46.835352 58.542164 45.309632 24.617019 11.009492 30.108736 -17.151875 36.358379
 72000.000000 53.003959 35.482809 44.649207 62.532750 48.510527 24.953054 13.613918 29.859927 -19.018746 37.929761
 73000.000000 54.606902 36.133423 46.376643 59.455904 45.003102 24.660714 10.304913 30.442554 -17.398504 36.546522
 74000.000000 53.452359 35.429632 44.950098 61.239448 46.589720 24.610136 12.167274 28.759051 -20.264796 37.226167
 75000.000000 53.823684 35.932196 46.859001 59.294350 45.011212 25.067813 10.816883 29.756078 -17.755345 36.299881
 76000.000000 52.816487 35.416232 44.545819 61.984276 47.787162 24.299857 13.326814 28.784041 -20.162269 37.585131
 77000.000000 46.802658 35.936699 44.801229 62.209082 46.387916 24.678166 12.048314 29.344211 -20.020330 37.510774
 78000.000000 54.252157 36.636571 46.340187 60.887538 46.700426 24.171894 11.836652 30.575362 -18.809344 37.798816
 79000.000000 55.518464 36.172872 47.330203 60.074741 47.233741 24.557710 10.319084 30.493166 -20.111516 37.957736
 80000.000000 55.365672 36.603629 45.492702 62.469768 47.224312 24.677955 10.785726 29.653244 -21.604025 38.241086
 81000.000000 55.036092 36.202211 45.393905 59.306656 42.598459 24.459592 8.025193 28.784352 -19.113265 35.471954
 82000.000000 45.573829 36.735839 46.157369 60.506239 42.225597 25.432820 8.049618 29.137188 -19.543897 35.996332
 83000.000000 46.242251 36.921697 48.003464 59.629825 43.165258 24.732354 6.614576 30.946447 -18.425008 36.618521
 84000.000000 56.756429 37.076919 47.657987 60.092947 43.400358 24.732573 7.349173 30.650691 -18.950672 36.777754
 85000.000000 56.306100 37.226213 45.761487 60.268424 45.290774 24.779518 8.161073 29.978604 -19.946000 36.921033
 86000.000000 46.697282 36.878731 43.881097 60.888738 48.110636 24.923548 11.642667 29.132246 -20.549365 37.503545
 87000.000000 46.557622 36.697917 44.563106 60.657917 47.601910 24.959074 12.476563 28.723401 -20.472897 37.414407
 88000.000000 46.271567 37.818917 44.706539 59.449967 44.682340 24.793383 7.795492 30.140357 -19.053574 36.499994
 89000.000000 47.596852 36.639253 46.159698 62.801970 46.427418 25.074361 10.054377 29.495492 -22.046656 38.172367
 90000.000000 45.923187 35.795449 44.407455 61.148568 44.410595 24.951902 9.402627 28.070277 -20.659079 36.099133
 91000.000000 48.957429 34.075971 45.063701 58.538251 40.437059 24.866508 13.817104 27.136918 -14.625631 33.782152
 92000.000000 45.922102 36.960019 48.235958 59.425373 41.946486 24.985770 8.851997 30.804341 -17.161715 36.356427
 93000.000000 44.307318 34.992636 43.342295 61.147011 42.538845 25.012872 11.833705 27.339477 -18.626816 35.134625
 94000.000000 54.556033 35.610407 44.391434 63.268332 45.981055 24.691499 10.937354 28.418203 -21.984780 37.557296
 95000.000000 44.596024 35.140001 44.597677 60.280321 42.525880 24.828180 11.990403 27.686654 -18.533544 35.409219
 96000.000000 51.568798 34.399531 44.977004 60.664232 43.852147 25.036645 12.332951 26.291855 -20.726814 35.678624
 97000.000000 52.311789 34.598353 43.765267 62.289551 44.376317 25.172355 12.102095 26.537833 -21.390613 36.170093
 98000.000000 52.691891 35.155175 44.806814 63.309205 48.748945 24.328157 13.931575 27.811049 -22.328505 38.289756
 99000.000000 46.241838 36.325957 48.178244 59.768719 44.539545 24.721766 6.957899 30.794986 -19.048429 36.872566
 100000.000000 57.888029 37.067363 47.870368 59.030984 44.290442 24.638725 5.898531 30.711298 -19.173667 36.682503
