#! FIELDS time CH_Actin CH1_A1 CH2_A1 CH1_A3 CH2_A3 CH1_CH2_Dist d1.x d1.y d1.z real
 0.000000 44.855882 50.242508 38.987422 36.997857 54.166998 24.862423 1.494248 32.214603 -11.248433 34.154658
 1000.000000 47.046873 49.549785 42.814789 38.533103 57.597051 24.739427 1.991877 33.941984 -12.950517 36.383262
 2000.000000 49.338240 53.502262 50.547658 36.937417 56.106732 24.942087 6.856276 38.194542 -6.172822 39.292942
 3000.000000 49.693612 48.635698 57.998669 36.758898 57.618707 25.021783 12.034315 38.492862 -3.547087 40.485887
 4000.000000 49.704492 46.708786 59.235526 36.650520 57.680554 24.839627 12.056532 38.303761 -2.707783 40.247611
 5000.000000 45.168182 46.951293 51.747175 36.087631 55.302652 25.023861 17.567316 32.235145 -1.848452 36.757747
 6000.000000 44.840980 46.986022 49.085907 37.285184 56.610361 24.673896 16.284744 31.984948 -5.538947 36.316796
 7000.000000 45.655334 46.933660 49.349629 37.139924 56.798555 24.643509 15.967316 32.614452 -6.060291 36.815551
 8000.000000 46.888611 46.587912 52.455137 38.215730 57.838692 24.687270 15.705186 34.156455 -5.920685 38.057468
 9000.000000 47.770413 51.599759 50.871781 35.551928 56.813418 24.662130 10.092046 36.410574 -6.762720 38.383769
 10000.000000 45.849713 48.584301 44.627586 36.931376 57.706024 25.153470 9.044109 33.417321 -10.578726 36.199761
 11000.000000 46.389067 48.094963 44.172053 37.397892 58.738421 24.893106 7.109198 33.183612 -13.372877 36.476385
 12000.000000 45.051097 47.468919 41.805480 35.734529 57.907751 25.091665 5.012146 32.219148 -11.869688 34.699922
 13000.000000 44.999513 48.581042 42.742705 35.542062 57.708350 25.218985 7.039503 32.495345 -11.200664 35.084996
 14000.000000 47.707594 49.237313 47.342618 35.777947 58.314235 25.208736 -2.824243 34.031075 -14.330242 37.033042
 15000.000000 47.035038 48.624195 44.166804 36.804802 59.046420 25.260231 -0.557582 33.196820 -14.940553 36.408239
 16000.000000 47.018856 48.170545 44.140157 37.063790 58.890579 24.872160 -0.005691 33.443410 -14.451430 36.432204
 17000.000000 48.398630 51.091702 47.842406 36.943610 59.273828 25.208804 -0.029231 35.613791 -14.049452 38.284855
 18000.000000 51.913231 49.507996 50.461876 40.739958 63.828014 25.297458 -1.876754 37.347738 -17.606020 41.332163
 19000.000000 46.579616 44.559173 44.116580 37.573483 60.714040 25.269371 -3.143804 30.779381 -18.155837 35.873224
 20000.000000 48.833940 46.767678 47.151621 38.633457 61.005353 24.831564 -5.376234 32.692104 -18.771975 38.079714
 21000.000000 48.435667 45.973867 46.304362 38.224500 61.463710 25.016435 -7.337054 31.418315 -19.412271 37.653408
 22000.000000 50.058741 48.939718 48.191814 38.951044 60.434739 24.595026 -11.266465 32.576778 -18.916353 39.319310
 23000.000000 71.686221 47.893766 45.023063 39.406432 59.312710 25.109079 -17.017539 25.767937 -21.299441 37.513323
 24000.000000 48.237076 47.575581 45.791871 39.824457 59.616587 24.771082 -16.850700 25.940181 -21.999776 37.958256
 25000.000000 71.998440 48.014198 44.491354 42.055219 61.597466 24.850786 -15.716715 26.586096 -23.840236 39.015285
 26000.000000 47.693069 49.289173 45.240412 39.880240 59.361063 24.960842 -21.265884 22.168517 -22.369595 38.001050
 27000.000000 48.569632 50.663508 45.693490 40.736438 59.636795 25.143378 -22.665075 22.155310 -22.760540 39.020579
 28000.000000 46.275793 46.884685 43.418708 39.495663 60.107625 25.154025 -19.345130 20.538783 -23.499040 36.718939
 29000.000000 46.824135 46.981487 44.186602 38.921401 59.886090 24.745097 -16.889384 23.933379 -22.389805 36.869517
 30000.000000 46.534082 47.733409 43.070260 38.770387 58.968692 25.237544 -16.080252 24.437259 -21.795271 36.479966
 31000.000000 46.732771 46.810916 43.011897 38.882908 59.898813 25.211941 -13.593052 25.674318 -22.071747 36.484294
 32000.000000 69.593782 46.472065 42.279716 38.923039 59.482704 24.285864 -14.504983 24.834753 -22.120372 36.283197
 33000.000000 46.902776 46.869484 43.840907 38.883959 59.701663 24.736130 -16.154671 24.794329 -21.965541 36.853998
 34000.000000 47.188256 47.311635 42.479917 39.533047 59.834487 24.854195 -14.922737 25.279326 -22.412378 36.933008
 35000.000000 47.529593 46.900554 43.857912 40.636258 60.721673 24.513766 -17.225135 23.542350 -23.775341 37.632624
 36000.000000 48.261486 49.275507 43.803606 40.175558 59.339689 24.885750 -18.148374 25.870432 -21.005650 37.945751
 37000.000000 46.733029 47.649266 42.974652 38.396320 59.480092 25.842882 -15.690195 25.178411 -21.233782 36.482984
 38000.000000 47.256850 47.046514 43.563504 39.171702 59.952731 25.069835 -15.594904 25.729443 -21.435866 36.941868
 39000.000000 46.910413 48.037059 43.136434 38.645625 58.831476 25.104570 -16.329034 25.584146 -20.535563 36.645535
 40000.000000 47.498494 47.361844 44.081401 39.268010 59.258031 24.844168 -15.015447 26.397636 -21.238085 37.058806
 41000.000000 47.807005 47.610408 43.912766 39.996987 59.399823 24.483096 -16.132375 25.745091 -22.049067 37.539640
 42000.000000 46.902654 47.858947 43.456244 39.312777 58.547033 24.804856 -19.616476 22.545067 -21.737120 36.953871
 43000.000000 47.092685 46.690734 43.319162 39.437163 59.543357 24.860878 -18.280938 23.713347 -21.752012 37.008993
 44000.000000 71.023005 46.874609 43.955586 39.495318 59.196906 24.151469 -16.037598 25.891468 -21.394534 37.219602
 45000.000000 47.351632 46.470036 43.657490 39.257328 59.126986 24.233518 -14.900297 26.680234 -20.686541 36.902394
 46000.000000 47.169652 47.209516 43.962960 39.110777 59.316897 24.599452 -15.449432 25.732658 -21.033739 36.650687
 47000.000000 48.003717 47.710652 44.592918 39.802213 58.835219 24.671399 -17.861385 26.591729 -19.797714 37.657650
 48000.000000 47.451222 47.900608 44.569294 39.770095 58.887816 24.499847 -20.430589 23.990681 -20.671241 37.686363
 49000.000000 46.883315 46.997121 42.857184 39.673125 58.913823 24.818727 -16.891099 24.300584 -21.475873 36.565568
 50000.000000 47.600781 47.797095 43.595275 40.130586 60.476456 25.415870 -18.277293 23.367868 -22.855505 37.449844
 51000.000000 46.555206 49.585410 42.270406 39.497833 57.602752 25.431825 -19.799942 22.591688 -20.641325 36.448407
 52000.000000 48.047621 48.023954 43.887364 40.390902 61.266336 25.710975 -19.396486 24.095504 -21.925601 37.915023
 53000.000000 47.050606 47.812907 43.632035 38.985160 58.753180 25.391574 -17.551123 25.016487 -20.108839 36.581853
 54000.000000 47.088933 47.590584 43.090681 39.891852 58.897946 25.673105 -18.652256 23.492852 -21.004698 36.619914
 55000.000000 46.617759 47.716978 42.539422 39.212868 58.415570 25.507777 -19.217119 22.590821 -20.844724 36.251143
 56000.000000 46.037531 47.370960 42.107824 39.048471 57.906344 25.597032 -19.786833 21.678710 -20.465238 35.781436
 57000.000000 46.107151 47.889842 42.756906 38.933139 57.821685 25.769551 -20.252294 21.250784 -20.470422 35.788118
 58000.000000 46.449856 46.286397 43.198881 38.615281 58.686796 25.367522 -17.310482 23.763515 -20.930460 36.089356
 59000.000000 68.883958 47.426679 42.924381 38.886473 58.171975 25.601144 -18.707815 22.636370 -20.585121 35.862722
 60000.000000 46.117482 47.411064 42.536919 38.260496 57.077964 25.476373 -16.455088 24.487970 -19.596256 35.418129
 61000.000000 45.947783 46.999740 42.550863 38.147669 57.913780 25.566770 -18.143654 23.625658 -19.418404 35.558942
 62000.000000 46.349957 47.041022 42.741372 38.478400 58.924136 25.689786 -16.288938 24.560315 -20.207320 35.733378
 63000.000000 46.545579 47.369020 42.716070 38.102120 58.478634 25.618765 -16.362214 25.200432 -19.469976 35.803125
 64000.000000 46.104218 46.409237 42.535856 37.911587 57.958860 25.244333 -16.994216 24.334112 -19.370402 35.442416
 65000.000000 47.308641 47.983383 42.964470 39.279058 59.002353 25.568198 -15.816291 26.042393 -20.038481 36.467822
 66000.000000 46.601292 47.024462 42.714996 38.388475 58.581674 25.790095 -15.905823 24.814718 -20.364015 35.825390
 67000.000000 47.044014 47.740080 42.901989 38.818667 58.228651 25.549306 -16.683426 25.163698 -20.087000 36.263425
 68000.000000 47.237452 46.699102 43.264593 39.207384 59.725102 25.405725 -15.884774 25.298136 -20.974222 36.499859
 69000.000000 46.598941 46.502568 42.676210 38.260627 58.405075 25.652616 -13.332581 25.429941 -20.940829 35.538119
 70000.000000 46.851632 47.633960 43.484098 37.957117 58.961660 25.853505 -15.269890 26.478288 -19.321329 36.160518
 71000.000000 47.202431 47.607257 43.331906 38.380195 59.286719 25.984806 -16.644488 25.732198 -19.733350 36.449830
 72000.000000 47.285875 46.457598 44.457983 38.887791 60.241677 26.410427 -18.912144 24.049890 -20.570947 36.867740
 73000.000000 46.796433 47.193311 44.248332 38.236844 58.373744 25.680561 -17.246600 25.181522 -19.397904 36.163973
 74000.000000 71.404694 47.785997 43.618447 38.754605 59.599077 25.185699 -16.139799 26.681263 -19.622185 36.843087
 75000.000000 70.553662 47.611531 43.328412 39.376778 60.580140 25.561059 -14.699408 26.773802 -20.612180 36.847945
 76000.000000 47.481549 48.101548 42.579267 38.661487 59.496338 25.592070 -13.174698 27.991988 -19.336757 36.483342
 77000.000000 71.263190 48.315032 43.687887 38.615833 59.220031 24.862443 -15.930705 26.951047 -19.195311 36.723375
 78000.000000 70.141296 47.929399 43.453715 38.271759 59.831920 25.488194 -13.820061 28.064252 -19.316033 36.765547
 79000.000000 47.334135 47.761994 43.960729 37.739216 59.031506 25.212675 -16.718263 26.349616 -19.200711 36.639731
 80000.000000 46.963066 48.017645 43.735488 37.985309 59.393817 25.602786 -16.350621 26.304240 -19.013591 36.342433
 81000.000000 70.815415 47.141636 43.667484 37.957563 59.070296 25.639530 -16.620831 25.383766 -19.352811 35.987761
 82000.000000 46.793451 47.159720 43.615164 38.175659 58.975863 25.781925 -16.679338 25.296043 -19.765716 36.176976
 83000.000000 70.017692 48.353617 43.475730 38.121023 58.885933 25.153691 -17.545898 25.060114 -19.386696 36.217562
 84000.000000 46.790353 48.140853 43.984163 38.100534 58.455000 25.073301 -17.580925 25.676509 -18.482970 36.193815
 85000.000000 67.561128 47.975616 42.694915 37.913539 57.955213 25.436654 -19.058035 22.808594 -19.570908 35.587372
 86000.000000 46.804039 47.658714 45.395578 38.066799 58.815355 25.284997 -19.741212 23.890210 -19.389554 36.556974
 87000.000000 46.476958 47.763044 42.811077 38.269850 58.281580 24.678074 -18.061764 24.015572 -19.863398 36.021238
 88000.000000 46.733017 47.146052 43.382527 39.019200 59.301115 24.764931 -18.639534 23.851716 -20.184082 36.383152
 89000.000000 47.158761 46.700531 44.020153 39.112338 59.804482 24.946612 -17.454901 24.873363 -20.447703 36.626034
 90000.000000 46.836322 47.367798 44.966012 37.641909 58.498634 24.692905 -18.829520 24.899821 -18.685031 36.382445
 91000.000000 46.585583 47.522828 44.373863 37.740953 59.110798 25.869914 -18.174880 24.775982 -19.036324 36.146330
 92000.000000 46.958663 47.484575 45.577976 37.191516 58.488348 24.882196 -17.348023 26.166173 -18.395518 36.387053
 93000.000000 46.775501 48.236687 43.781424 37.864409 58.978284 25.965980 -19.177281 23.870455 -19.867068 36.500235
 94000.000000 46.392736 47.558740 44.103512 37.693654 58.702984 24.949386 -19.457360 23.093891 -19.878553 36.153472
 95000.000000 46.538192 47.275183 43.268700 38.245957 58.863793 24.581531 -19.119415 23.663388 -19.665153 36.224663
 96000.000000 46.650360 46.614566 43.941207 38.084916 59.024428 24.712590 -17.818813 24.572587 -19.692064 36.181481
 97000.000000 68.573255 48.171420 44.263211 37.812342 58.054837 24.452563 -18.542689 24.619732 -19.244447 36.336088
 98000.000000 46.482283 46.943417 43.798585 37.911017 59.110171 24.570573 -18.275714 24.040504 -19.862861 36.145274
 99000.000000 67.709129 47.271507 43.952267 39.034529 59.686671 24.502393 -19.540002 23.349131 -20.840337 36.895979
 100000.000000 46.540200 48.755193 42.815544 37.711681 58.238245 24.865265 -19.224645 23.976250 -19.033517 36.148614
